Размер блока 3
Количество блоков 3
Количество раундов 1

Исходные данные:

110110010

Полный ключ:

010011101

S-блок:

000 - 000
001 - 011
010 - 010
011 - 101
100 - 110
101 - 100
110 - 001
111 - 111

P-блок:

0 - 4
1 - 5
2 - 2
3 - 0
4 - 6
5 - 7
6 - 3
7 - 8
8 - 1

Зашифрованные данные:

001010101

Таблица анализа блока замены:

    000 001 010 011 100 101 110 111 
000 8 0 0 0 0 0 0 0 
001 0 0 0 4 0 0 4 0 
010 0 2 2 0 2 0 0 2 
011 0 2 2 0 2 0 0 2 
100 0 0 0 0 0 4 4 0 
101 0 0 0 4 0 4 0 0 
110 0 2 2 0 2 0 0 2 
111 0 2 2 0 2 0 0 2 

